0.120000	0.130000	Sound 01
0.230000	0.240000	Sound 02
0.560000	0.570000	Sound 03
0.860000	0.880000	Sound 04
1.010000	1.050000	Sound 05
1.170000	1.210000	Sound 06
1.350000	1.390000	Sound 07
1.490000	1.520000	Sound 08
1.660000	1.700000	Sound 09
1.810000	1.850000	Sound 10
1.960000	2.000000	Sound 11
2.110000	2.160000	Sound 12
2.290000	2.310000	Sound 13
2.440000	2.470000	Sound 14
2.580000	2.620000	Sound 15
2.750000	2.790000	Sound 16
2.910000	2.940000	Sound 17
3.060000	3.090000	Sound 18
3.200000	3.220000	Sound 19
3.340000	3.380000	Sound 20
3.500000	3.520000	Sound 21
3.790000	3.830000	Sound 22
3.960000	3.970000	Sound 23
4.120000	4.150000	Sound 24
4.300000	4.320000	Sound 25
4.440000	4.470000	Sound 26
4.590000	4.600000	Sound 27
4.760000	4.790000	Sound 28
4.910000	4.930000	Sound 29
5.360000	5.390000	Sound 30
5.520000	5.530000	Sound 31
5.680000	5.700000	Sound 32
5.830000	5.860000	Sound 33
5.990000	6.010000	Sound 34
6.150000	6.160000	Sound 35
6.310000	6.340000	Sound 36
6.580000	6.620000	Sound 37
6.760000	6.780000	Sound 38
6.890000	6.910000	Sound 39
7.030000	7.050000	Sound 40
7.170000	7.200000	Sound 41
7.350000	7.360000	Sound 42
7.490000	7.510000	Sound 43
7.640000	7.660000	Sound 44
7.790000	7.810000	Sound 45
7.930000	7.950000	Sound 46
8.070000	8.090000	Sound 47
8.200000	8.230000	Sound 48
8.340000	8.370000	Sound 49
8.480000	8.510000	Sound 50
8.630000	8.660000	Sound 51
8.790000	8.820000	Sound 52
8.940000	8.960000	Sound 53
9.110000	9.120000	Sound 54
9.230000	9.260000	Sound 55
9.370000	9.390000	Sound 56
9.530000	9.570000	Sound 57
9.690000	9.710000	Sound 58
9.820000	9.850000	Sound 59
9.970000	9.990000	Sound 60
10.100000	10.120000	Sound 61
10.240000	10.250000	Sound 62
10.370000	10.400000	Sound 63
10.540000	10.570000	Sound 64
10.680000	10.710000	Sound 65
10.850000	10.880000	Sound 66
11.000000	11.040000	Sound 67
11.170000	11.190000	Sound 68
11.290000	11.310000	Sound 69
11.440000	11.470000	Sound 70
11.610000	11.630000	Sound 71
11.740000	11.770000	Sound 72
11.900000	11.930000	Sound 73
12.050000	12.070000	Sound 74
12.190000	12.210000	Sound 75
12.320000	12.350000	Sound 76
12.460000	12.480000	Sound 77
12.590000	12.620000	Sound 78
12.730000	12.770000	Sound 79
12.880000	12.920000	Sound 80
13.040000	13.080000	Sound 81
13.190000	13.220000	Sound 82
13.340000	13.370000	Sound 83
13.490000	13.530000	Sound 84
13.670000	13.690000	Sound 85
13.820000	13.850000	Sound 86
13.960000	14.000000	Sound 87
14.110000	14.140000	Sound 88
14.270000	14.290000	Sound 89
14.420000	14.440000	Sound 90
14.710000	14.740000	Sound 91
14.880000	14.910000	Sound 92
15.040000	15.070000	Sound 93
15.190000	15.210000	Sound 94
15.330000	15.360000	Sound 95
15.510000	15.530000	Sound 96
15.660000	15.680000	Sound 97
15.800000	15.830000	Sound 98
15.950000	15.980000	Sound 99
16.100000	16.130000	Sound 100
16.270000	16.300000	Sound 101
16.550000	16.580000	Sound 102
16.690000	16.730000	Sound 103
16.850000	16.880000	Sound 104
17.170000	17.200000	Sound 105
17.310000	17.330000	Sound 106
17.450000	17.480000	Sound 107
17.600000	17.630000	Sound 108
17.750000	17.780000	Sound 109
18.120000	18.140000	Sound 110
18.250000	18.280000	Sound 111
18.400000	18.430000	Sound 112
18.540000	18.550000	Sound 113
18.690000	18.720000	Sound 114
18.850000	18.880000	Sound 115
19.000000	19.030000	Sound 116
19.140000	19.180000	Sound 117
19.300000	19.330000	Sound 118
19.440000	19.460000	Sound 119
19.570000	19.590000	Sound 120
19.730000	19.750000	Sound 121
19.870000	19.900000	Sound 122
20.010000	20.040000	Sound 123
20.160000	20.190000	Sound 124
20.340000	20.370000	Sound 125
20.480000	20.510000	Sound 126
20.630000	20.660000	Sound 127
20.790000	20.800000	Sound 128
20.940000	20.960000	Sound 129
21.120000	21.130000	Sound 130
21.290000	21.300000	Sound 131
21.420000	21.450000	Sound 132
21.590000	21.610000	Sound 133
21.760000	21.780000	Sound 134
21.910000	21.940000	Sound 135
22.060000	22.080000	Sound 136
22.200000	22.220000	Sound 137
22.330000	22.350000	Sound 138
22.480000	22.500000	Sound 139
22.670000	22.680000	Sound 140
22.790000	22.820000	Sound 141
22.940000	22.980000	Sound 142
23.100000	23.130000	Sound 143
23.240000	23.280000	Sound 144
23.400000	23.430000	Sound 145
23.540000	23.570000	Sound 146
23.690000	23.720000	Sound 147
23.830000	23.860000	Sound 148
23.980000	24.000000	Sound 149
24.120000	24.150000	Sound 150
24.260000	24.290000	Sound 151
24.430000	24.450000	Sound 152
24.730000	24.770000	Sound 153
24.880000	24.900000	Sound 154
25.030000	25.050000	Sound 155
25.170000	25.190000	Sound 156
25.340000	25.360000	Sound 157
25.490000	25.520000	Sound 158
25.640000	25.670000	Sound 159
25.840000	25.850000	Sound 160
25.990000	26.020000	Sound 161
26.170000	26.180000	Sound 162
26.300000	26.320000	Sound 163
26.460000	26.470000	Sound 164
26.590000	26.610000	Sound 165
26.880000	26.910000	Sound 166
27.040000	27.070000	Sound 167
27.190000	27.220000	Sound 168
27.350000	27.370000	Sound 169
27.500000	27.510000	Sound 170
27.650000	27.670000	Sound 171
27.800000	27.820000	Sound 172
27.940000	27.970000	Sound 173
28.090000	28.110000	Sound 174
28.240000	28.270000	Sound 175
28.390000	28.410000	Sound 176
28.530000	28.560000	Sound 177
28.680000	28.700000	Sound 178
29.070000	29.090000	Sound 179
29.340000	29.350000	Sound 180
29.530000	29.550000	Sound 181
29.690000	29.730000	Sound 182
29.840000	29.860000	Sound 183
30.120000	30.150000	Sound 184
30.320000	30.330000	Sound 185
30.460000	30.490000	Sound 186
30.610000	30.630000	Sound 187
30.750000	30.770000	Sound 188
30.890000	30.920000	Sound 189
31.070000	31.090000	Sound 190
31.200000	31.240000	Sound 191
31.350000	31.370000	Sound 192
31.490000	31.520000	Sound 193
31.630000	31.660000	Sound 194
31.770000	31.800000	Sound 195
31.930000	31.950000	Sound 196
32.110000	32.120000	Sound 197
32.270000	32.290000	Sound 198
32.440000	32.460000	Sound 199
32.790000	32.810000	Sound 200
33.070000	33.090000	Sound 201
33.240000	33.260000	Sound 202
33.390000	33.410000	Sound 203
33.550000	33.580000	Sound 204
33.710000	33.730000	Sound 205
33.880000	33.900000	Sound 206
34.050000	34.060000	Sound 207
34.220000	34.230000	Sound 208
34.340059	34.360059	Sound 209
34.489935	34.519935	Sound 210
34.630000	34.640000	Sound 211
34.780000	34.810000	Sound 212
34.920000	34.940000	Sound 213
35.070000	35.100000	Sound 214
35.210000	35.240000	Sound 215
35.370000	35.390000	Sound 216
35.540000	35.550000	Sound 217
35.700000	35.730000	Sound 218
35.860000	35.870000	Sound 219
36.010000	36.030000	Sound 220
36.170000	36.210000	Sound 221
36.330000	36.350000	Sound 222
36.490000	36.510000	Sound 223
36.670000	36.680000	Sound 224
36.940000	36.960000	Sound 225
37.080000	37.100000	Sound 226
37.230000	37.240000	Sound 227
37.380000	37.400000	Sound 228
37.530000	37.560000	Sound 229
37.680000	37.710000	Sound 230
37.840000	37.860000	Sound 231
37.970000	38.000000	Sound 232
38.130000	38.160000	Sound 233
38.320000	38.330000	Sound 234
38.470000	38.480000	Sound 235
38.620000	38.650000	Sound 236
38.770000	38.800000	Sound 237
38.950000	38.960000	Sound 238
39.300000	39.320000	Sound 239
39.450000	39.480000	Sound 240
39.610000	39.640000	Sound 241
39.750000	39.780000	Sound 242
39.920000	39.940000	Sound 243
40.070000	40.100000	Sound 244
40.220000	40.240000	Sound 245
40.390000	40.400000	Sound 246
40.550000	40.560000	Sound 247
40.700000	40.710000	Sound 248
40.860000	40.870000	Sound 249
41.020000	41.030000	Sound 250
41.170000	41.190000	Sound 251
41.330000	41.350000	Sound 252
41.480000	41.490000	Sound 253
41.640000	41.650000	Sound 254
41.780000	41.800000	Sound 255
41.930000	41.960000	Sound 256
42.110000	42.120000	Sound 257
42.400000	42.430000	Sound 258
42.560000	42.590000	Sound 259
42.700000	42.720000	Sound 260
43.040000	43.050000	Sound 261
43.210000	43.220000	Sound 262
43.500000	43.520000	Sound 263
43.680000	43.700000	Sound 264
43.870000	43.900000	Sound 265
44.020000	44.040000	Sound 266
44.210000	44.220000	Sound 267
44.340000	44.360000	Sound 268
44.560000	44.570000	Sound 269
44.770000	44.780000	Sound 270
44.940000	44.960000	Sound 271
45.100000	45.130000	Sound 272
45.260000	45.270000	Sound 273
45.530000	45.550000	Sound 274
45.670000	45.700000	Sound 275
45.830000	45.850000	Sound 276
45.970000	46.010000	Sound 277
46.140000	46.160000	Sound 278
46.280000	46.310000	Sound 279
46.470000	46.480000	Sound 280
46.640000	46.670000	Sound 281
47.000000	47.020000	Sound 282
47.160000	47.190000	Sound 283
47.320000	47.350000	Sound 284
47.480000	47.510000	Sound 285
47.660000	47.700000	Sound 286
47.810000	47.820000	Sound 287
48.180000	48.200000	Sound 288
48.570000	48.580000	Sound 289
48.930000	48.940000	Sound 290
49.090000	49.120000	Sound 291
49.400000	49.430000	Sound 292
49.560000	49.580000	Sound 293
49.730000	49.740000	Sound 294
49.870000	49.880000	Sound 295
50.010000	50.030000	Sound 296
50.170000	50.190000	Sound 297
50.330000	50.380000	Sound 298
50.520000	50.550000	Sound 299
50.660000	50.690000	Sound 300
50.880000	50.890000	Sound 301
51.030000	51.050000	Sound 302
51.170000	51.190000	Sound 303
51.310000	51.340000	Sound 304
51.440000	51.470000	Sound 305
51.600000	51.630000	Sound 306
51.770000	51.790000	Sound 307
51.930000	51.960000	Sound 308
52.080000	52.100000	Sound 309
52.240000	52.260000	Sound 310
52.380000	52.400000	Sound 311
52.530000	52.550000	Sound 312
52.740000	52.750000	Sound 313
52.890000	52.930000	Sound 314
53.050000	53.070000	Sound 315
53.220000	53.240000	Sound 316
53.370000	53.390000	Sound 317
53.610000	53.630000	Sound 318
54.110000	54.130000	Sound 319
54.560000	54.580000	Sound 320
54.710000	54.720000	Sound 321
54.850000	54.870000	Sound 322
55.000000	55.020000	Sound 323
55.190000	55.200000	Sound 324
55.350000	55.360000	Sound 325
55.510000	55.520000	Sound 326
56.230000	56.240000	Sound 327
56.400000	56.410000	Sound 328
56.540000	56.560000	Sound 329
56.670000	56.690000	Sound 330
56.840000	56.850000	Sound 331
56.980000	57.000000	Sound 332
57.170000	57.190000	Sound 333
57.350000	57.370000	Sound 334
57.520000	57.530000	Sound 335
57.660000	57.670000	Sound 336
57.810000	57.840000	Sound 337
57.960000	57.980000	Sound 338
58.370000	58.380000	Sound 339
58.540000	58.570000	Sound 340
58.700000	58.730000	Sound 341
58.860000	58.890000	Sound 342
59.230000	59.240000	Sound 343
59.380000	59.400000	Sound 344
59.670000	59.700000	Sound 345
59.840000	59.850000	Sound 346
60.030000	60.040000	Sound 347
60.190000	60.210000	Sound 348
60.350000	60.370000	Sound 349
60.510000	60.530000	Sound 350
60.680000	60.690000	Sound 351
61.300000	61.320000	Sound 352
61.460000	61.470000	Sound 353
61.760000	61.780000	Sound 354
61.940000	61.950000	Sound 355
62.090000	62.110000	Sound 356
62.280000	62.290000	Sound 357
62.610000	62.640000	Sound 358
62.780000	62.800000	Sound 359
63.820000	63.840000	Sound 360
63.980000	64.000000	Sound 361
64.140000	64.150000	Sound 362
64.290000	64.310000	Sound 363
64.450000	64.480000	Sound 364
64.850000	64.860000	Sound 365
65.160000	65.180000	Sound 366
66.500000	66.510000	Sound 367
66.820000	66.830000	Sound 368
66.980000	66.990000	Sound 369
67.130000	67.150000	Sound 370
67.270000	67.280000	Sound 371
67.410000	67.440000	Sound 372
67.560000	67.580000	Sound 373
67.750000	67.770000	Sound 374
69.380000	69.400000	Sound 375
69.560000	69.570000	Sound 376
70.060000	70.070000	Sound 377
70.230000	70.240000	Sound 378
70.400000	70.410000	Sound 379
